array 1 1 0 0 0 0 0 0 0 0;
- 50;
array 0 1 1 0 0 0 0 0 0 0;
- 50;
array 0 0 1 1 0 0 0 0 0 0;
- 50;
array 0 0 0 1 1 0 0 0 0 0;
- 50;
array 0 0 0 0 1 1 0 0 0 0;
- 50;
array 0 0 0 0 0 1 1 0 0 0;
- 50;
array 0 0 0 0 0 0 1 1 0 0;
- 50;
array 0 0 0 0 0 0 0 1 1 0;
- 50;
array 0 0 0 0 0 0 0 0 1 1;
- 50;
array 0 0 0 0 0 0 0 0 0 1;
- 50;
array 0 0 0 0 0 0 0 0 1 1;
- 50;
array 0 0 0 0 0 0 0 1 1 0;
- 50;
array 0 0 0 0 0 0 1 1 0 0;
- 50;
array 0 0 0 0 0 1 1 0 0 0;
- 50;
array 0 0  0 0 1 1 0 0 0 0;
- 50;
array 0 0 0 1 1 0 0 0 0 0;
- 50;
array 0 0 1 1 0 0 0 0 0 0;
- 50;
array 0 1 1 0 0 0 0 0 0 0;
- 50;
array 1 1 0 0 0 0 0 0 0 0;
- 50;
